6.750e+01 2.200e-02 1.220e-01 0.000e+00 6.000e-02 9.650e-01 -5.083e+03
6.750e+01 2.200e-02 1.220e-01 0.000e+00 6.000e-02 9.650e-01 -5.083e+03
6.760e+01 2.211e-02 1.222e-01 0.000e+00 5.895e-02 9.647e-01 -4.854e+03
6.760e+01 2.211e-02 1.222e-01 0.000e+00 5.895e-02 9.647e-01 -4.854e+03
6.752e+01 2.192e-02 1.222e-01 0.000e+00 5.216e-02 9.658e-01 -3.275e+03
6.752e+01 2.192e-02 1.222e-01 0.000e+00 5.216e-02 9.658e-01 -3.275e+03
6.751e+01 2.193e-02 1.221e-01 0.000e+00 5.054e-02 9.668e-01 -2.933e+03
6.748e+01 2.193e-02 1.222e-01 0.000e+00 4.680e-02 9.674e-01 -2.262e+03
6.746e+01 2.199e-02 1.223e-01 0.000e+00 4.327e-02 9.688e-01 -1.700e+03
6.764e+01 2.190e-02 1.223e-01 0.000e+00 3.419e-02 9.691e-01 -9.073e+02
6.763e+01 2.188e-02 1.223e-01 0.000e+00 2.925e-02 9.681e-01 -7.398e+02
6.763e+01 2.188e-02 1.223e-01 0.000e+00 2.925e-02 9.681e-01 -7.398e+02
6.763e+01 2.188e-02 1.223e-01 0.000e+00 2.925e-02 9.681e-01 -7.398e+02
6.763e+01 2.188e-02 1.223e-01 0.000e+00 2.925e-02 9.681e-01 -7.398e+02
6.752e+01 2.193e-02 1.223e-01 0.000e+00 2.807e-02 9.684e-01 -7.194e+02
6.752e+01 2.193e-02 1.223e-01 0.000e+00 2.807e-02 9.684e-01 -7.194e+02
6.752e+01 2.193e-02 1.223e-01 0.000e+00 2.807e-02 9.684e-01 -7.194e+02
6.752e+01 2.193e-02 1.223e-01 0.000e+00 2.807e-02 9.684e-01 -7.194e+02
6.752e+01 2.193e-02 1.223e-01 0.000e+00 2.807e-02 9.684e-01 -7.194e+02
6.752e+01 2.193e-02 1.223e-01 0.000e+00 2.807e-02 9.684e-01 -7.194e+02
6.748e+01 2.200e-02 1.223e-01 0.000e+00 2.949e-02 9.682e-01 -6.860e+02
6.748e+01 2.200e-02 1.223e-01 0.000e+00 2.949e-02 9.682e-01 -6.860e+02
6.748e+01 2.200e-02 1.223e-01 0.000e+00 2.949e-02 9.682e-01 -6.860e+02
6.748e+01 2.200e-02 1.223e-01 0.000e+00 2.949e-02 9.682e-01 -6.860e+02
6.748e+01 2.200e-02 1.223e-01 0.000e+00 2.949e-02 9.682e-01 -6.860e+02
6.748e+01 2.200e-02 1.223e-01 0.000e+00 2.949e-02 9.682e-01 -6.860e+02
6.748e+01 2.200e-02 1.223e-01 0.000e+00 2.949e-02 9.682e-01 -6.860e+02
6.740e+01 2.201e-02 1.222e-01 0.000e+00 2.736e-02 9.681e-01 -6.850e+02
6.740e+01 2.201e-02 1.222e-01 0.000e+00 2.736e-02 9.681e-01 -6.850e+02
6.740e+01 2.201e-02 1.222e-01 0.000e+00 2.736e-02 9.681e-01 -6.850e+02
6.740e+01 2.201e-02 1.222e-01 0.000e+00 2.736e-02 9.681e-01 -6.850e+02
6.740e+01 2.201e-02 1.222e-01 0.000e+00 2.736e-02 9.681e-01 -6.850e+02
6.738e+01 2.205e-02 1.222e-01 0.000e+00 3.059e-02 9.693e-01 -6.854e+02
6.738e+01 2.205e-02 1.222e-01 0.000e+00 3.059e-02 9.693e-01 -6.854e+02
6.734e+01 2.209e-02 1.223e-01 0.000e+00 3.114e-02 9.693e-01 -6.847e+02
6.746e+01 2.211e-02 1.223e-01 0.000e+00 3.061e-02 9.687e-01 -6.654e+02
6.746e+01 2.211e-02 1.223e-01 0.000e+00 3.061e-02 9.687e-01 -6.654e+02
6.746e+01 2.211e-02 1.223e-01 0.000e+00 3.061e-02 9.687e-01 -6.654e+02
6.746e+01 2.211e-02 1.223e-01 0.000e+00 3.061e-02 9.687e-01 -6.654e+02
6.746e+01 2.211e-02 1.223e-01 0.000e+00 3.061e-02 9.687e-01 -6.654e+02
6.773e+01 2.234e-02 1.224e-01 0.000e+00 2.867e-02 9.682e-01 -6.438e+02
6.773e+01 2.234e-02 1.224e-01 0.000e+00 2.867e-02 9.682e-01 -6.438e+02
6.774e+01 2.226e-02 1.225e-01 0.000e+00 2.702e-02 9.660e-01 -6.419e+02
6.774e+01 2.226e-02 1.225e-01 0.000e+00 2.702e-02 9.660e-01 -6.419e+02
6.781e+01 2.226e-02 1.225e-01 0.000e+00 3.171e-02 9.651e-01 -6.374e+02
6.781e+01 2.226e-02 1.225e-01 0.000e+00 3.171e-02 9.651e-01 -6.374e+02
6.785e+01 2.228e-02 1.227e-01 0.000e+00 2.685e-02 9.620e-01 -6.040e+02
6.785e+01 2.228e-02 1.227e-01 0.000e+00 2.685e-02 9.620e-01 -6.040e+02
6.785e+01 2.228e-02 1.227e-01 0.000e+00 2.685e-02 9.620e-01 -6.040e+02
6.771e+01 2.226e-02 1.228e-01 0.000e+00 3.131e-02 9.600e-01 -5.624e+02
6.771e+01 2.226e-02 1.228e-01 0.000e+00 3.131e-02 9.600e-01 -5.624e+02
6.771e+01 2.226e-02 1.228e-01 0.000e+00 3.131e-02 9.600e-01 -5.624e+02
6.759e+01 2.220e-02 1.229e-01 0.000e+00 3.136e-02 9.592e-01 -5.602e+02
6.759e+01 2.220e-02 1.229e-01 0.000e+00 3.136e-02 9.592e-01 -5.602e+02
6.758e+01 2.234e-02 1.229e-01 0.000e+00 2.691e-02 9.589e-01 -5.377e+02
6.751e+01 2.239e-02 1.229e-01 0.000e+00 3.117e-02 9.580e-01 -4.898e+02
6.751e+01 2.239e-02 1.229e-01 0.000e+00 3.117e-02 9.580e-01 -4.898e+02
6.751e+01 2.239e-02 1.229e-01 0.000e+00 3.117e-02 9.580e-01 -4.898e+02
6.751e+01 2.239e-02 1.229e-01 0.000e+00 3.117e-02 9.580e-01 -4.898e+02
6.749e+01 2.231e-02 1.230e-01 0.000e+00 2.968e-02 9.576e-01 -4.875e+02
6.749e+01 2.231e-02 1.230e-01 0.000e+00 2.968e-02 9.576e-01 -4.875e+02
6.749e+01 2.231e-02 1.230e-01 0.000e+00 2.968e-02 9.576e-01 -4.875e+02
6.749e+01 2.231e-02 1.230e-01 0.000e+00 2.968e-02 9.576e-01 -4.875e+02
6.749e+01 2.231e-02 1.230e-01 0.000e+00 2.968e-02 9.576e-01 -4.875e+02
6.749e+01 2.231e-02 1.230e-01 0.000e+00 2.968e-02 9.576e-01 -4.875e+02
6.749e+01 2.231e-02 1.230e-01 0.000e+00 2.968e-02 9.576e-01 -4.875e+02
6.749e+01 2.231e-02 1.230e-01 0.000e+00 2.968e-02 9.576e-01 -4.875e+02
6.749e+01 2.231e-02 1.230e-01 0.000e+00 2.968e-02 9.576e-01 -4.875e+02
6.749e+01 2.231e-02 1.230e-01 0.000e+00 2.968e-02 9.576e-01 -4.875e+02
6.749e+01 2.231e-02 1.230e-01 0.000e+00 2.968e-02 9.576e-01 -4.875e+02
6.749e+01 2.231e-02 1.230e-01 0.000e+00 2.968e-02 9.576e-01 -4.875e+02
6.749e+01 2.231e-02 1.230e-01 0.000e+00 2.968e-02 9.576e-01 -4.875e+02
6.749e+01 2.231e-02 1.230e-01 0.000e+00 2.968e-02 9.576e-01 -4.875e+02
6.749e+01 2.231e-02 1.230e-01 0.000e+00 2.968e-02 9.576e-01 -4.875e+02
6.739e+01 2.238e-02 1.229e-01 0.000e+00 3.055e-02 9.575e-01 -4.570e+02
6.739e+01 2.238e-02 1.229e-01 0.000e+00 3.055e-02 9.575e-01 -4.570e+02
6.739e+01 2.238e-02 1.229e-01 0.000e+00 3.055e-02 9.575e-01 -4.570e+02
6.739e+01 2.238e-02 1.229e-01 0.000e+00 3.055e-02 9.575e-01 -4.570e+02
6.739e+01 2.238e-02 1.229e-01 0.000e+00 3.055e-02 9.575e-01 -4.570e+02
6.739e+01 2.238e-02 1.229e-01 0.000e+00 3.055e-02 9.575e-01 -4.570e+02
6.739e+01 2.238e-02 1.229e-01 0.000e+00 3.055e-02 9.575e-01 -4.570e+02
6.739e+01 2.238e-02 1.229e-01 0.000e+00 3.055e-02 9.575e-01 -4.570e+02
6.739e+01 2.238e-02 1.229e-01 0.000e+00 3.055e-02 9.575e-01 -4.570e+02
6.739e+01 2.238e-02 1.229e-01 0.000e+00 3.055e-02 9.575e-01 -4.570e+02
6.739e+01 2.238e-02 1.229e-01 0.000e+00 3.055e-02 9.575e-01 -4.570e+02
6.739e+01 2.238e-02 1.229e-01 0.000e+00 3.055e-02 9.575e-01 -4.570e+02
6.739e+01 2.238e-02 1.229e-01 0.000e+00 3.055e-02 9.575e-01 -4.570e+02
6.739e+01 2.238e-02 1.229e-01 0.000e+00 3.055e-02 9.575e-01 -4.570e+02
6.733e+01 2.259e-02 1.227e-01 0.000e+00 3.067e-02 9.570e-01 -4.327e+02
6.733e+01 2.259e-02 1.227e-01 0.000e+00 3.067e-02 9.570e-01 -4.327e+02
6.733e+01 2.259e-02 1.227e-01 0.000e+00 3.067e-02 9.570e-01 -4.327e+02
6.733e+01 2.259e-02 1.227e-01 0.000e+00 3.067e-02 9.570e-01 -4.327e+02
6.733e+01 2.259e-02 1.227e-01 0.000e+00 3.067e-02 9.570e-01 -4.327e+02
6.733e+01 2.259e-02 1.227e-01 0.000e+00 3.067e-02 9.570e-01 -4.327e+02
6.733e+01 2.259e-02 1.227e-01 0.000e+00 3.067e-02 9.570e-01 -4.327e+02
6.733e+01 2.259e-02 1.227e-01 0.000e+00 3.067e-02 9.570e-01 -4.327e+02
6.733e+01 2.259e-02 1.227e-01 0.000e+00 3.067e-02 9.570e-01 -4.327e+02
6.733e+01 2.259e-02 1.227e-01 0.000e+00 3.067e-02 9.570e-01 -4.327e+02
6.733e+01 2.259e-02 1.227e-01 0.000e+00 3.067e-02 9.570e-01 -4.327e+02
6.733e+01 2.259e-02 1.227e-01 0.000e+00 3.067e-02 9.570e-01 -4.327e+02
